27.065712168009583 [(40.658477816819726, -73.7735875183525), (40.643720688231625, -73.97385216317348), (40.7406843117178, -73.98857046035054), (40.6983075040253, -73.95733670495007), (40.800547632529465, -73.95276647177708), (40.68400520290781, -73.91752790788493), (40.731944614294754, -73.82584141063087), (40.75422424552731, -73.90751095956408), (40.857093570620655, -73.89180975520374), (40.612439140058164, -74.10496927507432)]
28.895519909583882 [(40.75429363666721, -73.90686236788304), (40.72056620969019, -73.9949192070318), (40.85943998169781, -73.8846022020544), (40.731658474084476, -73.82577916742058), (40.75759940543522, -73.97968419451244), (40.65842415900209, -73.77351518251682), (40.80840345849623, -73.94909358300117), (40.68128439962384, -73.9171741461647), (40.69327283387723, -73.9551323775521), (40.630639277997986, -74.00138636028348)]
28.372646750386465 [(40.74058556886223, -73.98948597808523), (40.68476301327859, -73.91856470739751), (40.61242116130835, -74.10516736815492), (40.67706951635654, -73.78439107247192), (40.85646634567286, -73.89393078156984), (40.62656488012014, -73.97341571324688), (40.720453619240004, -73.94836041237248), (40.67813807982345, -73.96710390919715), (40.79749816302659, -73.95100714198055), (40.74955091632451, -73.87805815473214)]
27.08162961392607 [(40.647519522792166, -73.97086620599237), (40.7283861063591, -73.828605155334), (40.85917780719251, -73.88534563402952), (40.61251476802209, -74.10354920261643), (40.75645785349606, -73.98194897671088), (40.68992672410975, -73.93151092864137), (40.80724716220768, -73.94949056119727), (40.65839012633474, -73.77306466830906), (40.75428741401684, -73.90714827167287), (40.715673713327185, -73.98527484172968)]
27.399803530475317 [(40.683787752726616, -73.9145482137492), (40.683199548652816, -73.787325225342), (40.8084004735673, -73.9489162873513), (40.75255303698318, -73.89365825359292), (40.61245997100474, -74.10476841923092), (40.8594084481009, -73.88450209317948), (40.69840481496844, -73.95289371239888), (40.719835414504004, -73.99478887084608), (40.64310943380642, -73.97229995307048), (40.75793011451527, -73.97925656285146)]
27.08162961392607 [(40.715673713327185, -73.98527484172968), (40.647519522792166, -73.97086620599237), (40.80724716220768, -73.94949056119727), (40.75645785349606, -73.98194897671088), (40.7283861063591, -73.828605155334), (40.61251476802209, -74.10354920261643), (40.65839012633474, -73.77306466830906), (40.68992672410975, -73.93151092864137), (40.85917780719251, -73.88534563402952), (40.75428741401684, -73.90714827167287)]
28.895519909583882 [(40.630639277997986, -74.00138636028348), (40.69327283387723, -73.9551323775521), (40.65842415900209, -73.77351518251682), (40.75429363666721, -73.90686236788304), (40.75759940543522, -73.97968419451244), (40.85943998169781, -73.8846022020544), (40.80840345849623, -73.94909358300117), (40.68128439962384, -73.9171741461647), (40.731658474084476, -73.82577916742058), (40.72056620969019, -73.9949192070318)]
28.895507895004837 [(40.63066583626711, -74.00136189820027), (40.65842415900209, -73.77351518251682), (40.75429363666721, -73.90686236788304), (40.85943998169781, -73.8846022020544), (40.80834437076155, -73.9491033991997), (40.75754983551231, -73.97975091209717), (40.69328939630763, -73.9550894287261), (40.72046914440941, -73.99490700012768), (40.681275927645544, -73.91714832911451), (40.731710218167876, -73.82576085701761)]
28.372610355357036 [(40.797523710846576, -73.95103373821016), (40.720332973645526, -73.94839390628572), (40.684743011839984, -73.91858830998198), (40.61242116130835, -74.10516736815492), (40.74058556886223, -73.98948597808523), (40.62656488012014, -73.97341571324688), (40.74962016814105, -73.87827943728766), (40.67810661234832, -73.96717230108494), (40.67709770641278, -73.78446580047131), (40.85646634567286, -73.89393078156984)]
28.410192230351484 [(40.85955033649954, -73.8839887513507), (40.808908517630016, -73.94873868782398), (40.67385076724538, -73.9715727024992), (40.69312701934762, -73.92771772087681), (40.626446750456076, -73.94753195486585), (40.75237217632469, -73.89400361914166), (40.72251909993363, -73.98655242458443), (40.61663153074992, -74.0791132180696), (40.75895210870512, -73.97921718052554), (40.68481304556151, -73.7886542907553)]
27.08162961392607 [(40.75428741401684, -73.90714827167287), (40.7283861063591, -73.828605155334), (40.80724716220768, -73.94949056119727), (40.65839012633474, -73.77306466830906), (40.68992672410975, -73.93151092864137), (40.715673713327185, -73.98527484172968), (40.75645785349606, -73.98194897671088), (40.647519522792166, -73.97086620599237), (40.85917780719251, -73.88534563402952), (40.61251476802209, -74.10354920261643)]
27.399804587746633 [(40.8594084481009, -73.88450209317948), (40.8084004735673, -73.9489162873513), (40.75255303698318, -73.89365825359292), (40.719835414504004, -73.99478887084608), (40.64310943380642, -73.97229995307048), (40.6837805561039, -73.91456606148317), (40.75793381866355, -73.9792598099712), (40.69842126555321, -73.952899894377), (40.61245997100474, -74.10476841923092), (40.683199548652816, -73.787325225342)]
28.895511704283106 [(40.85943998169781, -73.8846022020544), (40.75429363666721, -73.90686236788304), (40.731658474084476, -73.82577916742058), (40.72046914440941, -73.99490700012768), (40.80834437076155, -73.9491033991997), (40.75754983551231, -73.97975091209717), (40.69328986382444, -73.95509488886015), (40.68128349050229, -73.91717004657373), (40.63066583626711, -74.00136189820027), (40.65842415900209, -73.77351518251682)]
28.372610177266264 [(40.72032327767273, -73.94838341709213), (40.61242116130835, -74.10516736815492), (40.797523710846576, -73.95103373821016), (40.67709770641278, -73.78446580047131), (40.62656488012014, -73.97341571324688), (40.85646634567286, -73.89393078156984), (40.67809976839102, -73.96718062529813), (40.74962933989542, -73.8782517396557), (40.74058556886223, -73.98948597808523), (40.68474718648347, -73.91858204704)]
27.399804587746633 [(40.8084004735673, -73.9489162873513), (40.8594084481009, -73.88450209317948), (40.75255303698318, -73.89365825359292), (40.69842126555321, -73.952899894377), (40.75793381866355, -73.9792598099712), (40.6837805561039, -73.91456606148317), (40.61245997100474, -74.10476841923092), (40.719835414504004, -73.99478887084608), (40.64310943380642, -73.97229995307048), (40.683199548652816, -73.787325225342)]
28.37260845157812 [(40.67709770641278, -73.78446580047131), (40.62656488012014, -73.97341571324688), (40.79753074086785, -73.95103128206092), (40.74962016814105, -73.87827943728766), (40.67809976839102, -73.96718062529813), (40.68474007964222, -73.9185847496674), (40.85647674640585, -73.89390378910763), (40.720314331693814, -73.94839030749407), (40.74058556886223, -73.98948597808523), (40.61242116130835, -74.10516736815492)]
27.399783768980363 [(40.85955033649954, -73.8839887513507), (40.69841637755205, -73.95294379355292), (40.683199548652816, -73.787325225342), (40.683789308011335, -73.9145778064043), (40.61245997100474, -74.10476841923092), (40.80877279229604, -73.94876996411703), (40.758115188124265, -73.97908677647985), (40.64310943380642, -73.97229995307048), (40.752572516118185, -73.89366554291047), (40.71997435396678, -73.99480657243183)]
28.41002265946463 [(40.72253069541817, -73.98654731244332), (40.617081535296464, -74.08019509204642), (40.808887523416885, -73.94873982928223), (40.75894460442671, -73.97923001573018), (40.62648656786211, -73.94836588901782), (40.693126842459705, -73.9276930623822), (40.75236952048165, -73.8939344749256), (40.67401023251833, -73.97153766246316), (40.85955033649954, -73.8839887513507), (40.68452192872302, -73.78868812237043)]
28.503656950790266 [(40.63622165808429, -73.95863458279037), (40.68337155307759, -73.78722417330528), (40.612941417437604, -74.09904742697563), (40.68237561584392, -73.99401502203331), (40.74323750595299, -73.98677331455109), (40.857134404172015, -73.89126338009973), (40.80055864105265, -73.95205189527802), (40.68446775553234, -73.91211566249281), (40.75238259349774, -73.89417061810818), (40.69889234006128, -73.9497800071156)]
28.372646750386465 [(40.79749816302659, -73.95100714198055), (40.62656488012014, -73.97341571324688), (40.85646634567286, -73.89393078156984), (40.67813807982345, -73.96710390919715), (40.61242116130835, -74.10516736815492), (40.720453619240004, -73.94836041237248), (40.74955091632451, -73.87805815473214), (40.68476301327859, -73.91856470739751), (40.74058556886223, -73.98948597808523), (40.67706951635654, -73.78439107247192)]
27.065712168009583 [(40.857093570620655, -73.89180975520374), (40.7406843117178, -73.98857046035054), (40.6983075040253, -73.95733670495007), (40.658477816819726, -73.7735875183525), (40.731944614294754, -73.82584141063087), (40.75422424552731, -73.90751095956408), (40.68400520290781, -73.91752790788493), (40.800547632529465, -73.95276647177708), (40.612439140058164, -74.10496927507432), (40.643720688231625, -73.97385216317348)]
28.895511704283102 [(40.69328986382444, -73.95509488886015), (40.75429363666721, -73.90686236788304), (40.75754983551231, -73.97975091209717), (40.63066583626711, -74.00136189820027), (40.68128349050229, -73.91717004657373), (40.85943998169781, -73.8846022020544), (40.72046914440941, -73.99490700012768), (40.65842415900209, -73.77351518251682), (40.80834437076155, -73.9491033991997), (40.731658474084476, -73.82577916742058)]
27.39978540960745 [(40.683789308011335, -73.9145778064043), (40.752572516118185, -73.89366554291047), (40.758115188124265, -73.97908677647985), (40.80877279229604, -73.94876996411703), (40.85955033649954, -73.8839887513507), (40.64307861566356, -73.97229851654252), (40.69840564307474, -73.9529531987342), (40.61245997100474, -74.10476841923092), (40.71997435396678, -73.99480657243183), (40.683199548652816, -73.787325225342)]
27.39980353047532 [(40.8084004735673, -73.9489162873513), (40.8594084481009, -73.88450209317948), (40.69840481496844, -73.95289371239888), (40.683787752726616, -73.9145482137492), (40.61245997100474, -74.10476841923092), (40.683199548652816, -73.787325225342), (40.75255303698318, -73.89365825359292), (40.75793011451527, -73.97925656285146), (40.719835414504004, -73.99478887084608), (40.64310943380642, -73.97229995307048)]
27.399784889057635 [(40.758115188124265, -73.97908677647985), (40.683789308011335, -73.9145778064043), (40.71997435396678, -73.99480657243183), (40.80877279229604, -73.94876996411703), (40.683199548652816, -73.787325225342), (40.752572516118185, -73.89366554291047), (40.61245997100474, -74.10476841923092), (40.64308996420942, -73.97230205984552), (40.69840872582739, -73.95294864787586), (40.85955033649954, -73.8839887513507)]
27.39974315561275 [(40.69842343685135, -73.95292421476664), (40.719905604757166, -73.99480417684518), (40.61245997100474, -74.10476841923092), (40.64310943380642, -73.97229995307048), (40.80859054713197, -73.94885804654761), (40.859464423191284, -73.88429701009201), (40.683199548652816, -73.787325225342), (40.75802617985488, -73.97916494271196), (40.683789308011335, -73.9145778064043), (40.75257113403158, -73.89367928398529)]
27.399784483284666 [(40.8087687706183, -73.94877779019644), (40.75811661291357, -73.97909286566643), (40.71997435396678, -73.99480657243183), (40.75257113403158, -73.89367928398529), (40.859525011970725, -73.88401078597732), (40.61245997100474, -74.10476841923092), (40.69841637755205, -73.95294379355292), (40.64310943380642, -73.97229995307048), (40.683199548652816, -73.787325225342), (40.683789308011335, -73.9145778064043)]
27.081627433463826 [(40.61251476802209, -74.10354920261643), (40.85917780719251, -73.88534563402952), (40.75646077929038, -73.98194901928197), (40.71568160552869, -73.98526858774517), (40.7283861063591, -73.828605155334), (40.65839012633474, -73.77306466830906), (40.64754584881158, -73.97086777872225), (40.689926589574426, -73.93150087657968), (40.80724716220768, -73.94949056119727), (40.75428741401684, -73.90714827167287)]
29.43653330767728 [(40.63073465075775, -74.00127917735165), (40.59190074140098, -73.79695703690814), (40.709975210704656, -73.79380085991886), (40.68167079300339, -73.9161273859163), (40.75782681458741, -73.9791211098545), (40.69289973068115, -73.95490721949396), (40.859525011970725, -73.88401078597732), (40.80887335082986, -73.94890650410353), (40.75279549980656, -73.9018412983732), (40.720811975684846, -73.99491088859757)]
28.895507895004837 [(40.681275927645544, -73.91714832911451), (40.75754983551231, -73.97975091209717), (40.75429363666721, -73.90686236788304), (40.69328939630763, -73.9550894287261), (40.72046914440941, -73.99490700012768), (40.63066583626711, -74.00136189820027), (40.65842415900209, -73.77351518251682), (40.731710218167876, -73.82576085701761), (40.85943998169781, -73.8846022020544), (40.80834437076155, -73.9491033991997)]
28.41004897161757 [(40.752364569761994, -73.89387685068633), (40.67403386427532, -73.97155495336698), (40.85955033649954, -73.8839887513507), (40.68438947167836, -73.78871745799472), (40.617081535296464, -74.08019509204642), (40.75895348574143, -73.97920641202084), (40.693127648161976, -73.92771137410429), (40.7225352247454, -73.98655311281587), (40.80891566650481, -73.94873855249749), (40.62655460670338, -73.94847101870636)]
28.895519909583882 [(40.72056620969019, -73.9949192070318), (40.65842415900209, -73.77351518251682), (40.68128439962384, -73.9171741461647), (40.630639277997986, -74.00138636028348), (40.75759940543522, -73.97968419451244), (40.731658474084476, -73.82577916742058), (40.75429363666721, -73.90686236788304), (40.85943998169781, -73.8846022020544), (40.80840345849623, -73.94909358300117), (40.69327283387723, -73.9551323775521)]
27.399804449306316 [(40.75793381866355, -73.9792598099712), (40.64310943380642, -73.97229995307048), (40.8594084481009, -73.88450209317948), (40.68378325335322, -73.91458616862239), (40.752539562600184, -73.89365328757776), (40.71984045016883, -73.99479124373818), (40.61245997100474, -74.10476841923092), (40.8084004735673, -73.9489162873513), (40.69842129910229, -73.95291390308931), (40.683199548652816, -73.787325225342)]
27.39974315561275 [(40.80859054713197, -73.94885804654761), (40.75802617985488, -73.97916494271196), (40.75257113403158, -73.89367928398529), (40.69842343685135, -73.95292421476664), (40.683789308011335, -73.9145778064043), (40.683199548652816, -73.787325225342), (40.61245997100474, -74.10476841923092), (40.719905604757166, -73.99480417684518), (40.859464423191284, -73.88429701009201), (40.64310943380642, -73.97229995307048)]
28.372609756220097 [(40.61242116130835, -74.10516736815492), (40.68474007964222, -73.9185847496674), (40.67809976839102, -73.96718062529813), (40.74962016814105, -73.87827943728766), (40.797523710846576, -73.95103373821016), (40.74058556886223, -73.98948597808523), (40.67709770641278, -73.78446580047131), (40.85646634567286, -73.89393078156984), (40.720314331693814, -73.94839030749407), (40.62656488012014, -73.97341571324688)]
27.399743931861472 [(40.683789308011335, -73.9145778064043), (40.80857946769681, -73.94887124279356), (40.75257113403158, -73.89367928398529), (40.75802617985488, -73.97916494271196), (40.719905604757166, -73.99480417684518), (40.859425583758096, -73.88434957242706), (40.683199548652816, -73.787325225342), (40.64310943380642, -73.97229995307048), (40.61245997100474, -74.10476841923092), (40.69842343685135, -73.95292421476664)]
28.13218648901134 [(40.68028391989884, -73.78594672470118), (40.6985148718693, -73.95717063349801), (40.86129488437861, -73.86856870146535), (40.7763488318831, -73.96001192032035), (40.75046438625528, -73.88632897145087), (40.822933292160336, -73.94125903924616), (40.612439140058164, -74.10496927507432), (40.68395181626122, -73.91707937213039), (40.64394022164855, -73.9738105726322), (40.73757310556165, -73.9908418938865)]
27.702562040682942 [(40.807183372392295, -73.94949133214472), (40.59169018063126, -73.79682635746065), (40.64848437609938, -73.97076838491932), (40.709377461263436, -73.79550188726671), (40.752670577349605, -73.902257546382), (40.75648130872558, -73.98180041540783), (40.612530290433625, -74.10334682811609), (40.85912272123676, -73.88543270941359), (40.68994431253577, -73.93057455661383), (40.715807858439895, -73.9850401442719)]
27.08162961392607 [(40.75428741401684, -73.90714827167287), (40.61251476802209, -74.10354920261643), (40.65839012633474, -73.77306466830906), (40.75645785349606, -73.98194897671088), (40.68992672410975, -73.93151092864137), (40.85917780719251, -73.88534563402952), (40.7283861063591, -73.828605155334), (40.715673713327185, -73.98527484172968), (40.80724716220768, -73.94949056119727), (40.647519522792166, -73.97086620599237)]
27.065602672972474 [(40.69832515233852, -73.95734378805152), (40.612439140058164, -74.10496927507432), (40.73172380869292, -73.82588319258717), (40.68400349436988, -73.91756751127768), (40.857122807751956, -73.89153531544562), (40.800613726024665, -73.95274124990327), (40.65842415900209, -73.77351518251682), (40.75422424552731, -73.90751095956408), (40.74069137205666, -73.98857019178487), (40.643728818458214, -73.97384722543914)]
28.36439318304242 [(40.61242116130835, -74.10516736815492), (40.75240193259252, -73.89383266633368), (40.67651992344021, -73.9669449868443), (40.68339296545737, -73.78886581123358), (40.69089955112004, -73.9252273883541), (40.80871091227398, -73.94877268376167), (40.62611244924494, -73.97300930216174), (40.85949365733182, -73.88423676628341), (40.75881094651723, -73.97953676003576), (40.722122416975466, -73.98541522977244)]
27.39978540960745 [(40.80877279229604, -73.94876996411703), (40.683199548652816, -73.787325225342), (40.64307861566356, -73.97229851654252), (40.85955033649954, -73.8839887513507), (40.758115188124265, -73.97908677647985), (40.683789308011335, -73.9145778064043), (40.752572516118185, -73.89366554291047), (40.69840564307474, -73.9529531987342), (40.61245997100474, -74.10476841923092), (40.71997435396678, -73.99480657243183)]
27.08162961392607 [(40.647519522792166, -73.97086620599237), (40.75428741401684, -73.90714827167287), (40.715673713327185, -73.98527484172968), (40.75645785349606, -73.98194897671088), (40.7283861063591, -73.828605155334), (40.68992672410975, -73.93151092864137), (40.65839012633474, -73.77306466830906), (40.61251476802209, -74.10354920261643), (40.85917780719251, -73.88534563402952), (40.80724716220768, -73.94949056119727)]
28.410048971617574 [(40.75895348574143, -73.97920641202084), (40.7225352247454, -73.98655311281587), (40.85955033649954, -73.8839887513507), (40.62655460670338, -73.94847101870636), (40.80891566650481, -73.94873855249749), (40.752364569761994, -73.89387685068633), (40.617081535296464, -74.08019509204642), (40.67403386427532, -73.97155495336698), (40.68438947167836, -73.78871745799472), (40.693127648161976, -73.92771137410429)]
28.895519909583882 [(40.65842415900209, -73.77351518251682), (40.630639277997986, -74.00138636028348), (40.69327283387723, -73.9551323775521), (40.75429363666721, -73.90686236788304), (40.75759940543522, -73.97968419451244), (40.68128439962384, -73.9171741461647), (40.72056620969019, -73.9949192070318), (40.80840345849623, -73.94909358300117), (40.85943998169781, -73.8846022020544), (40.731658474084476, -73.82577916742058)]
27.399748531473573 [(40.61245997100474, -74.10476841923092), (40.80853886416135, -73.94887829933458), (40.64310943380642, -73.97229995307048), (40.69842343685135, -73.95292421476664), (40.683199548652816, -73.787325225342), (40.859417295758476, -73.88442607746683), (40.75257153456163, -73.89369291450264), (40.683789308011335, -73.9145778064043), (40.719905604757166, -73.99480417684518), (40.75801968472342, -73.97918406338347)]
28.895511704283106 [(40.65842415900209, -73.77351518251682), (40.731658474084476, -73.82577916742058), (40.63066583626711, -74.00136189820027), (40.80834437076155, -73.9491033991997), (40.75754983551231, -73.97975091209717), (40.85943998169781, -73.8846022020544), (40.75429363666721, -73.90686236788304), (40.72046914440941, -73.99490700012768), (40.69328986382444, -73.95509488886015), (40.68128349050229, -73.91717004657373)]
27.62244375680438 [(40.71003745613783, -73.79417473345754), (40.64378104050406, -73.97380667864253), (40.612439140058164, -74.10496927507432), (40.80060808661763, -73.95270853220552), (40.698262134481894, -73.95724775374228), (40.68411542995301, -73.91704556725492), (40.59190074140098, -73.79695703690814), (40.75284446892716, -73.90293484320615), (40.740708297022216, -73.98848623318705), (40.85707549668603, -73.89136182890756)]
28.374321481003072 [(40.684748777308556, -73.91861262425132), (40.62656488012014, -73.97341571324688), (40.72072219500432, -73.94813268953742), (40.85639951374355, -73.89428904216976), (40.79715892535562, -73.95079781433755), (40.740574684686464, -73.98950030640286), (40.748871941378276, -73.87648205525623), (40.61242116130835, -74.10516736815492), (40.67672468409709, -73.78374726801533), (40.67816559155468, -73.96708001682373)]
28.895512508246053 [(40.681276662002915, -73.91715248457287), (40.75756620382964, -73.97976431067377), (40.69331000090218, -73.95509278914963), (40.72046914440941, -73.99490700012768), (40.65842415900209, -73.77351518251682), (40.85943998169781, -73.8846022020544), (40.63066583626711, -74.00136189820027), (40.80834437076155, -73.9491033991997), (40.731710218167876, -73.82576085701761), (40.75429363666721, -73.90686236788304)]
28.13721104350223 [(40.69850613427306, -73.95720902241341), (40.68394602392008, -73.91716732076641), (40.64391765365986, -73.9737992296201), (40.74881810955882, -73.88292891863534), (40.7387625641806, -73.99036700984584), (40.8616413993445, -73.8674244655372), (40.82572169501324, -73.9401739661063), (40.612439140058164, -74.10496927507432), (40.77885704577882, -73.95579582093903), (40.679097862290064, -73.78504388860905)]
27.39978540960745 [(40.683789308011335, -73.9145778064043), (40.69840564307474, -73.9529531987342), (40.752572516118185, -73.89366554291047), (40.64307861566356, -73.97229851654252), (40.80877279229604, -73.94876996411703), (40.71997435396678, -73.99480657243183), (40.85955033649954, -73.8839887513507), (40.758115188124265, -73.97908677647985), (40.61245997100474, -74.10476841923092), (40.683199548652816, -73.787325225342)]
30.253512302959503 [(40.753819640640806, -73.9071038707443), (40.65839012633474, -73.77306466830906), (40.86328038536265, -73.86503419833653), (40.72841335660592, -73.82866175531036), (40.83006981537807, -73.93742685591903), (40.788750412412824, -73.95770128127953), (40.707630051993455, -73.97712334333418), (40.748998767163656, -73.98707464528215), (40.62691116286844, -74.00662355039141), (40.681278447735856, -73.932003896459)]
