149.21704527242167 [(40.77678178271032, -73.94973117534079), (40.686873778849666, -73.94449171046449)]
149.21704527242167 [(40.77678178271032, -73.94973117534079), (40.686873778849666, -73.94449171046449)]
163.40649689237677 [(40.7377796840926, -73.84347935620535), (40.72731101009759, -73.96266251155964)]
149.21743302646675 [(40.68710975986969, -73.94480350613289), (40.77709225117791, -73.94940237161259)]
149.95844036062036 [(40.70316498468073, -73.96437404918953), (40.782048041673846, -73.91046712078995)]
149.95844036062036 [(40.782048041673846, -73.91046712078995), (40.70316498468073, -73.96437404918953)]
163.40649689237677 [(40.72731101009759, -73.96266251155964), (40.7377796840926, -73.84347935620535)]
163.40649689237677 [(40.72731101009759, -73.96266251155964), (40.7377796840926, -73.84347935620535)]
149.21704527242167 [(40.77678178271032, -73.94973117534079), (40.686873778849666, -73.94449171046449)]
149.95844036062036 [(40.70316498468073, -73.96437404918953), (40.782048041673846, -73.91046712078995)]
148.62222512610143 [(40.768146405304556, -73.96277106052257), (40.68430348416799, -73.92910438336149)]
149.21743302646675 [(40.68710975986969, -73.94480350613289), (40.77709225117791, -73.94940237161259)]
149.21743302646675 [(40.68710975986969, -73.94480350613289), (40.77709225117791, -73.94940237161259)]
149.21743302646675 [(40.77709225117791, -73.94940237161259), (40.68710975986969, -73.94480350613289)]
148.62222512610143 [(40.68430348416799, -73.92910438336149), (40.768146405304556, -73.96277106052257)]
149.21743302646675 [(40.77709225117791, -73.94940237161259), (40.68710975986969, -73.94480350613289)]
148.62222512610143 [(40.768146405304556, -73.96277106052257), (40.68430348416799, -73.92910438336149)]
148.62222512610143 [(40.768146405304556, -73.96277106052257), (40.68430348416799, -73.92910438336149)]
163.40649689237677 [(40.72731101009759, -73.96266251155964), (40.7377796840926, -73.84347935620535)]
148.62222512610143 [(40.768146405304556, -73.96277106052257), (40.68430348416799, -73.92910438336149)]
149.21743302646675 [(40.68710975986969, -73.94480350613289), (40.77709225117791, -73.94940237161259)]
149.95844036062036 [(40.70316498468073, -73.96437404918953), (40.782048041673846, -73.91046712078995)]
149.21704527242167 [(40.686873778849666, -73.94449171046449), (40.77678178271032, -73.94973117534079)]
148.62222512610143 [(40.768146405304556, -73.96277106052257), (40.68430348416799, -73.92910438336149)]
148.62222512610143 [(40.768146405304556, -73.96277106052257), (40.68430348416799, -73.92910438336149)]
163.40649689237677 [(40.7377796840926, -73.84347935620535), (40.72731101009759, -73.96266251155964)]
148.62222512610143 [(40.68430348416799, -73.92910438336149), (40.768146405304556, -73.96277106052257)]
148.89046975185482 [(40.68298635287383, -73.93387146707205), (40.76965692137254, -73.95863116591703)]
148.62222512610143 [(40.768146405304556, -73.96277106052257), (40.68430348416799, -73.92910438336149)]
149.95844036062036 [(40.70316498468073, -73.96437404918953), (40.782048041673846, -73.91046712078995)]
149.95844036062036 [(40.70316498468073, -73.96437404918953), (40.782048041673846, -73.91046712078995)]
149.95844036062036 [(40.782048041673846, -73.91046712078995), (40.70316498468073, -73.96437404918953)]
148.62222512610143 [(40.68430348416799, -73.92910438336149), (40.768146405304556, -73.96277106052257)]
149.21743302646675 [(40.68710975986969, -73.94480350613289), (40.77709225117791, -73.94940237161259)]
148.62222512610143 [(40.768146405304556, -73.96277106052257), (40.68430348416799, -73.92910438336149)]
149.95844036062036 [(40.70316498468073, -73.96437404918953), (40.782048041673846, -73.91046712078995)]
149.21743302646675 [(40.68710975986969, -73.94480350613289), (40.77709225117791, -73.94940237161259)]
148.62222512610143 [(40.68430348416799, -73.92910438336149), (40.768146405304556, -73.96277106052257)]
149.21743302646675 [(40.77709225117791, -73.94940237161259), (40.68710975986969, -73.94480350613289)]
149.21743302646675 [(40.68710975986969, -73.94480350613289), (40.77709225117791, -73.94940237161259)]
149.95844036062036 [(40.782048041673846, -73.91046712078995), (40.70316498468073, -73.96437404918953)]
149.95844036062036 [(40.70316498468073, -73.96437404918953), (40.782048041673846, -73.91046712078995)]
148.62222512610143 [(40.768146405304556, -73.96277106052257), (40.68430348416799, -73.92910438336149)]
148.62222512610143 [(40.768146405304556, -73.96277106052257), (40.68430348416799, -73.92910438336149)]
149.95844036062036 [(40.70316498468073, -73.96437404918953), (40.782048041673846, -73.91046712078995)]
149.21704527242167 [(40.686873778849666, -73.94449171046449), (40.77678178271032, -73.94973117534079)]
163.40649689237677 [(40.7377796840926, -73.84347935620535), (40.72731101009759, -73.96266251155964)]
149.21743302646675 [(40.68710975986969, -73.94480350613289), (40.77709225117791, -73.94940237161259)]
149.95844036062036 [(40.782048041673846, -73.91046712078995), (40.70316498468073, -73.96437404918953)]
149.21743302646675 [(40.77709225117791, -73.94940237161259), (40.68710975986969, -73.94480350613289)]
148.62222512610143 [(40.68430348416799, -73.92910438336149), (40.768146405304556, -73.96277106052257)]
163.40649689237677 [(40.72731101009759, -73.96266251155964), (40.7377796840926, -73.84347935620535)]
149.95844036062036 [(40.70316498468073, -73.96437404918953), (40.782048041673846, -73.91046712078995)]
163.40649689237677 [(40.7377796840926, -73.84347935620535), (40.72731101009759, -73.96266251155964)]
149.95844036062036 [(40.70316498468073, -73.96437404918953), (40.782048041673846, -73.91046712078995)]
149.21699045117424 [(40.77684645394177, -73.94963950961187), (40.686920459951445, -73.94457721917064)]
148.62222512610143 [(40.768146405304556, -73.96277106052257), (40.68430348416799, -73.92910438336149)]
149.21704527242167 [(40.77678178271032, -73.94973117534079), (40.686873778849666, -73.94449171046449)]
149.95844036062036 [(40.782048041673846, -73.91046712078995), (40.70316498468073, -73.96437404918953)]
149.21704527242167 [(40.77678178271032, -73.94973117534079), (40.686873778849666, -73.94449171046449)]
163.40649689237677 [(40.7377796840926, -73.84347935620535), (40.72731101009759, -73.96266251155964)]
149.95844036062036 [(40.782048041673846, -73.91046712078995), (40.70316498468073, -73.96437404918953)]
148.62222512610143 [(40.68430348416799, -73.92910438336149), (40.768146405304556, -73.96277106052257)]
163.40649689237677 [(40.7377796840926, -73.84347935620535), (40.72731101009759, -73.96266251155964)]
163.40649689237677 [(40.72731101009759, -73.96266251155964), (40.7377796840926, -73.84347935620535)]
149.95844355997912 [(40.7820555615087, -73.91047814014168), (40.70316138677132, -73.96436877691559)]
149.21743302646675 [(40.77709225117791, -73.94940237161259), (40.68710975986969, -73.94480350613289)]
149.21743302646675 [(40.77709225117791, -73.94940237161259), (40.68710975986969, -73.94480350613289)]
149.21704527242167 [(40.77678178271032, -73.94973117534079), (40.686873778849666, -73.94449171046449)]
149.95844036062036 [(40.70316498468073, -73.96437404918953), (40.782048041673846, -73.91046712078995)]
149.99711230525176 [(40.782856127306516, -73.91198101199055), (40.702696339984016, -73.9637026353108)]
149.95844036062036 [(40.70316498468073, -73.96437404918953), (40.782048041673846, -73.91046712078995)]
149.95844036062036 [(40.782048041673846, -73.91046712078995), (40.70316498468073, -73.96437404918953)]
149.21704527242167 [(40.686873778849666, -73.94449171046449), (40.77678178271032, -73.94973117534079)]
149.95844036062036 [(40.70316498468073, -73.96437404918953), (40.782048041673846, -73.91046712078995)]
149.21704527242167 [(40.77678178271032, -73.94973117534079), (40.686873778849666, -73.94449171046449)]
149.95844036062036 [(40.70316498468073, -73.96437404918953), (40.782048041673846, -73.91046712078995)]
149.95844036062036 [(40.70316498468073, -73.96437404918953), (40.782048041673846, -73.91046712078995)]
149.95844036062036 [(40.782048041673846, -73.91046712078995), (40.70316498468073, -73.96437404918953)]
148.62222512610143 [(40.68430348416799, -73.92910438336149), (40.768146405304556, -73.96277106052257)]
148.62222512610143 [(40.768146405304556, -73.96277106052257), (40.68430348416799, -73.92910438336149)]
149.21743302646675 [(40.77709225117791, -73.94940237161259), (40.68710975986969, -73.94480350613289)]
149.21743302646675 [(40.77709225117791, -73.94940237161259), (40.68710975986969, -73.94480350613289)]
149.21743302646675 [(40.77709225117791, -73.94940237161259), (40.68710975986969, -73.94480350613289)]
149.95844036062036 [(40.782048041673846, -73.91046712078995), (40.70316498468073, -73.96437404918953)]
148.62222512610143 [(40.768146405304556, -73.96277106052257), (40.68430348416799, -73.92910438336149)]
148.62222512610143 [(40.768146405304556, -73.96277106052257), (40.68430348416799, -73.92910438336149)]
148.62222512610143 [(40.68430348416799, -73.92910438336149), (40.768146405304556, -73.96277106052257)]
149.21743302646675 [(40.68710975986969, -73.94480350613289), (40.77709225117791, -73.94940237161259)]
148.62222512610143 [(40.768146405304556, -73.96277106052257), (40.68430348416799, -73.92910438336149)]
149.95844036062036 [(40.70316498468073, -73.96437404918953), (40.782048041673846, -73.91046712078995)]
148.62222512610143 [(40.768146405304556, -73.96277106052257), (40.68430348416799, -73.92910438336149)]
149.95844036062036 [(40.782048041673846, -73.91046712078995), (40.70316498468073, -73.96437404918953)]
148.62222512610143 [(40.768146405304556, -73.96277106052257), (40.68430348416799, -73.92910438336149)]
149.95844036062036 [(40.782048041673846, -73.91046712078995), (40.70316498468073, -73.96437404918953)]
149.95844036062036 [(40.782048041673846, -73.91046712078995), (40.70316498468073, -73.96437404918953)]
148.62222512610143 [(40.68430348416799, -73.92910438336149), (40.768146405304556, -73.96277106052257)]
148.62222512610143 [(40.68430348416799, -73.92910438336149), (40.768146405304556, -73.96277106052257)]
163.40649689237677 [(40.72731101009759, -73.96266251155964), (40.7377796840926, -73.84347935620535)]
148.62222512610143 [(40.68430348416799, -73.92910438336149), (40.768146405304556, -73.96277106052257)]
163.40649689237677 [(40.72731101009759, -73.96266251155964), (40.7377796840926, -73.84347935620535)]
148.62222512610143 [(40.768146405304556, -73.96277106052257), (40.68430348416799, -73.92910438336149)]
148.62222512610143 [(40.68430348416799, -73.92910438336149), (40.768146405304556, -73.96277106052257)]
148.62222512610143 [(40.68430348416799, -73.92910438336149), (40.768146405304556, -73.96277106052257)]
149.21743302646675 [(40.77709225117791, -73.94940237161259), (40.68710975986969, -73.94480350613289)]
148.62222512610143 [(40.68430348416799, -73.92910438336149), (40.768146405304556, -73.96277106052257)]
149.95844036062036 [(40.782048041673846, -73.91046712078995), (40.70316498468073, -73.96437404918953)]
149.21743302646675 [(40.68710975986969, -73.94480350613289), (40.77709225117791, -73.94940237161259)]
149.21704527242167 [(40.77678178271032, -73.94973117534079), (40.686873778849666, -73.94449171046449)]
149.95844036062036 [(40.782048041673846, -73.91046712078995), (40.70316498468073, -73.96437404918953)]
163.40649689237677 [(40.72731101009759, -73.96266251155964), (40.7377796840926, -73.84347935620535)]
149.21743302646675 [(40.77709225117791, -73.94940237161259), (40.68710975986969, -73.94480350613289)]
149.95844036062036 [(40.782048041673846, -73.91046712078995), (40.70316498468073, -73.96437404918953)]
149.21704527242167 [(40.77678178271032, -73.94973117534079), (40.686873778849666, -73.94449171046449)]
149.21743302646675 [(40.77709225117791, -73.94940237161259), (40.68710975986969, -73.94480350613289)]
148.62222512610143 [(40.68430348416799, -73.92910438336149), (40.768146405304556, -73.96277106052257)]
149.95844036062036 [(40.70316498468073, -73.96437404918953), (40.782048041673846, -73.91046712078995)]
163.40649689237677 [(40.7377796840926, -73.84347935620535), (40.72731101009759, -73.96266251155964)]
148.62222512610143 [(40.68430348416799, -73.92910438336149), (40.768146405304556, -73.96277106052257)]
149.21699091811976 [(40.68690778062761, -73.94456350556825), (40.77683015651788, -73.94965356814569)]
149.95844036062036 [(40.782048041673846, -73.91046712078995), (40.70316498468073, -73.96437404918953)]
148.62222512610143 [(40.68430348416799, -73.92910438336149), (40.768146405304556, -73.96277106052257)]
163.40649689237677 [(40.72731101009759, -73.96266251155964), (40.7377796840926, -73.84347935620535)]
148.62222512610143 [(40.68430348416799, -73.92910438336149), (40.768146405304556, -73.96277106052257)]
149.95844036062036 [(40.70316498468073, -73.96437404918953), (40.782048041673846, -73.91046712078995)]
149.95844036062036 [(40.70316498468073, -73.96437404918953), (40.782048041673846, -73.91046712078995)]
149.95844036062036 [(40.782048041673846, -73.91046712078995), (40.70316498468073, -73.96437404918953)]
149.95844036062036 [(40.70316498468073, -73.96437404918953), (40.782048041673846, -73.91046712078995)]
149.21704527242167 [(40.77678178271032, -73.94973117534079), (40.686873778849666, -73.94449171046449)]
149.21704527242167 [(40.77678178271032, -73.94973117534079), (40.686873778849666, -73.94449171046449)]
149.21743302646675 [(40.68710975986969, -73.94480350613289), (40.77709225117791, -73.94940237161259)]
149.95844036062036 [(40.70316498468073, -73.96437404918953), (40.782048041673846, -73.91046712078995)]
148.62222512610143 [(40.768146405304556, -73.96277106052257), (40.68430348416799, -73.92910438336149)]
148.62222512610143 [(40.768146405304556, -73.96277106052257), (40.68430348416799, -73.92910438336149)]
149.95844036062036 [(40.70316498468073, -73.96437404918953), (40.782048041673846, -73.91046712078995)]
148.62222512610143 [(40.68430348416799, -73.92910438336149), (40.768146405304556, -73.96277106052257)]
149.21743302646675 [(40.68710975986969, -73.94480350613289), (40.77709225117791, -73.94940237161259)]
148.62222512610143 [(40.768146405304556, -73.96277106052257), (40.68430348416799, -73.92910438336149)]
148.62222512610143 [(40.68430348416799, -73.92910438336149), (40.768146405304556, -73.96277106052257)]
149.95844036062036 [(40.782048041673846, -73.91046712078995), (40.70316498468073, -73.96437404918953)]
149.95844036062036 [(40.782048041673846, -73.91046712078995), (40.70316498468073, -73.96437404918953)]
149.95844036062036 [(40.70316498468073, -73.96437404918953), (40.782048041673846, -73.91046712078995)]
148.62222512610143 [(40.768146405304556, -73.96277106052257), (40.68430348416799, -73.92910438336149)]
148.62222512610143 [(40.68430348416799, -73.92910438336149), (40.768146405304556, -73.96277106052257)]
163.40649689237677 [(40.7377796840926, -73.84347935620535), (40.72731101009759, -73.96266251155964)]
163.40649689237677 [(40.7377796840926, -73.84347935620535), (40.72731101009759, -73.96266251155964)]
163.40649689237677 [(40.7377796840926, -73.84347935620535), (40.72731101009759, -73.96266251155964)]
149.95844036062036 [(40.782048041673846, -73.91046712078995), (40.70316498468073, -73.96437404918953)]
149.21743302646675 [(40.77709225117791, -73.94940237161259), (40.68710975986969, -73.94480350613289)]
148.62222512610143 [(40.68430348416799, -73.92910438336149), (40.768146405304556, -73.96277106052257)]
149.95844036062036 [(40.70316498468073, -73.96437404918953), (40.782048041673846, -73.91046712078995)]
148.62222512610143 [(40.68430348416799, -73.92910438336149), (40.768146405304556, -73.96277106052257)]
148.62222512610143 [(40.768146405304556, -73.96277106052257), (40.68430348416799, -73.92910438336149)]
149.21743302646675 [(40.77709225117791, -73.94940237161259), (40.68710975986969, -73.94480350613289)]
148.62222512610143 [(40.768146405304556, -73.96277106052257), (40.68430348416799, -73.92910438336149)]
148.62222512610143 [(40.68430348416799, -73.92910438336149), (40.768146405304556, -73.96277106052257)]
148.62222512610143 [(40.68430348416799, -73.92910438336149), (40.768146405304556, -73.96277106052257)]
149.95844036062036 [(40.782048041673846, -73.91046712078995), (40.70316498468073, -73.96437404918953)]
149.95844036062036 [(40.782048041673846, -73.91046712078995), (40.70316498468073, -73.96437404918953)]
163.40649689237677 [(40.72731101009759, -73.96266251155964), (40.7377796840926, -73.84347935620535)]
149.95844036062036 [(40.70316498468073, -73.96437404918953), (40.782048041673846, -73.91046712078995)]
148.62222512610143 [(40.768146405304556, -73.96277106052257), (40.68430348416799, -73.92910438336149)]
149.95844036062036 [(40.782048041673846, -73.91046712078995), (40.70316498468073, -73.96437404918953)]
148.62222512610143 [(40.68430348416799, -73.92910438336149), (40.768146405304556, -73.96277106052257)]
149.95844036062036 [(40.782048041673846, -73.91046712078995), (40.70316498468073, -73.96437404918953)]
149.21743302646675 [(40.77709225117791, -73.94940237161259), (40.68710975986969, -73.94480350613289)]
149.95844036062036 [(40.70316498468073, -73.96437404918953), (40.782048041673846, -73.91046712078995)]
149.95844036062036 [(40.782048041673846, -73.91046712078995), (40.70316498468073, -73.96437404918953)]
148.62222512610143 [(40.768146405304556, -73.96277106052257), (40.68430348416799, -73.92910438336149)]
149.21704527242167 [(40.77678178271032, -73.94973117534079), (40.686873778849666, -73.94449171046449)]
149.95844036062036 [(40.70316498468073, -73.96437404918953), (40.782048041673846, -73.91046712078995)]
149.21704527242167 [(40.77678178271032, -73.94973117534079), (40.686873778849666, -73.94449171046449)]
148.62222512610143 [(40.68430348416799, -73.92910438336149), (40.768146405304556, -73.96277106052257)]
149.95844036062036 [(40.70316498468073, -73.96437404918953), (40.782048041673846, -73.91046712078995)]
148.62222512610143 [(40.68430348416799, -73.92910438336149), (40.768146405304556, -73.96277106052257)]
148.62222512610143 [(40.68430348416799, -73.92910438336149), (40.768146405304556, -73.96277106052257)]
149.21743302646675 [(40.77709225117791, -73.94940237161259), (40.68710975986969, -73.94480350613289)]
149.95844036062036 [(40.70316498468073, -73.96437404918953), (40.782048041673846, -73.91046712078995)]
148.62222512610143 [(40.68430348416799, -73.92910438336149), (40.768146405304556, -73.96277106052257)]
149.21743302646675 [(40.68710975986969, -73.94480350613289), (40.77709225117791, -73.94940237161259)]
149.95844036062036 [(40.70316498468073, -73.96437404918953), (40.782048041673846, -73.91046712078995)]
148.62222512610143 [(40.68430348416799, -73.92910438336149), (40.768146405304556, -73.96277106052257)]
149.21743302646675 [(40.77709225117791, -73.94940237161259), (40.68710975986969, -73.94480350613289)]
148.62222512610143 [(40.68430348416799, -73.92910438336149), (40.768146405304556, -73.96277106052257)]
149.21743302646675 [(40.68710975986969, -73.94480350613289), (40.77709225117791, -73.94940237161259)]
148.62222512610143 [(40.68430348416799, -73.92910438336149), (40.768146405304556, -73.96277106052257)]
148.62222512610143 [(40.768146405304556, -73.96277106052257), (40.68430348416799, -73.92910438336149)]
