97.13952762828893 [(40.6913116497909, -73.96294241159595), (40.70527584950082, -73.82177596371034), (40.782372723441384, -73.95307971507921)]
97.13952140435865 [(40.70529522522324, -73.82173357388362), (40.69130227185092, -73.9629303516851), (40.78236432270675, -73.95308760705366)]
97.13952762828893 [(40.6913116497909, -73.96294241159595), (40.70527584950082, -73.82177596371034), (40.782372723441384, -73.95307971507921)]
97.13952140435865 [(40.69130227185092, -73.9629303516851), (40.70529522522324, -73.82173357388362), (40.78236432270675, -73.95308760705366)]
97.13952140435865 [(40.70529522522324, -73.82173357388362), (40.78236432270675, -73.95308760705366), (40.69130227185092, -73.9629303516851)]
97.13952245247276 [(40.78236998867992, -73.95308295131824), (40.70529522522324, -73.82173357388362), (40.6913072927249, -73.96293291703192)]
97.13952140435865 [(40.78236432270675, -73.95308760705366), (40.70529522522324, -73.82173357388362), (40.69130227185092, -73.9629303516851)]
97.13927216868964 [(40.69129201666093, -73.96286318160635), (40.70514844688563, -73.8210159343551), (40.78233294635675, -73.95299949810263)]
97.13952140435865 [(40.70529522522324, -73.82173357388362), (40.78236432270675, -73.95308760705366), (40.69130227185092, -73.9629303516851)]
97.13952762828893 [(40.6913116497909, -73.96294241159595), (40.782372723441384, -73.95307971507921), (40.70527584950082, -73.82177596371034)]
97.13952762828893 [(40.6913116497909, -73.96294241159595), (40.70527584950082, -73.82177596371034), (40.782372723441384, -73.95307971507921)]
97.13952140435865 [(40.78236432270675, -73.95308760705366), (40.70529522522324, -73.82173357388362), (40.69130227185092, -73.9629303516851)]
97.13952762828893 [(40.782372723441384, -73.95307971507921), (40.6913116497909, -73.96294241159595), (40.70527584950082, -73.82177596371034)]
97.13952245247276 [(40.70529522522324, -73.82173357388362), (40.6913072927249, -73.96293291703192), (40.78236998867992, -73.95308295131824)]
97.13952762828893 [(40.782372723441384, -73.95307971507921), (40.6913116497909, -73.96294241159595), (40.70527584950082, -73.82177596371034)]
97.13952245247276 [(40.70529522522324, -73.82173357388362), (40.6913072927249, -73.96293291703192), (40.78236998867992, -73.95308295131824)]
97.13952140435865 [(40.70529522522324, -73.82173357388362), (40.78236432270675, -73.95308760705366), (40.69130227185092, -73.9629303516851)]
97.13953959846447 [(40.782406033300695, -73.95301906567494), (40.69133959832708, -73.9629595060424), (40.70514390153801, -73.82171619700797)]
97.13952140435865 [(40.69130227185092, -73.9629303516851), (40.78236432270675, -73.95308760705366), (40.70529522522324, -73.82173357388362)]
97.13952245247276 [(40.6913072927249, -73.96293291703192), (40.78236998867992, -73.95308295131824), (40.70529522522324, -73.82173357388362)]
97.13952140435865 [(40.70529522522324, -73.82173357388362), (40.69130227185092, -73.9629303516851), (40.78236432270675, -73.95308760705366)]
97.13928967687423 [(40.782326170221374, -73.95302623878888), (40.69128420902015, -73.96287188701838), (40.705197393206774, -73.82114892007013)]
97.13952073102475 [(40.70521552985488, -73.82175650518607), (40.6913167255541, -73.96294547646993), (40.782380987339565, -73.95306100978785)]
97.13952140435865 [(40.70529522522324, -73.82173357388362), (40.69130227185092, -73.9629303516851), (40.78236432270675, -73.95308760705366)]
97.13952140435865 [(40.78236432270675, -73.95308760705366), (40.69130227185092, -73.9629303516851), (40.70529522522324, -73.82173357388362)]
97.13952245247276 [(40.78236998867992, -73.95308295131824), (40.70529522522324, -73.82173357388362), (40.6913072927249, -73.96293291703192)]
97.13952140435865 [(40.69130227185092, -73.9629303516851), (40.78236432270675, -73.95308760705366), (40.70529522522324, -73.82173357388362)]
97.13952140435865 [(40.70529522522324, -73.82173357388362), (40.69130227185092, -73.9629303516851), (40.78236432270675, -73.95308760705366)]
97.13952762828893 [(40.782372723441384, -73.95307971507921), (40.6913116497909, -73.96294241159595), (40.70527584950082, -73.82177596371034)]
97.13929600461765 [(40.69130512702004, -73.96289035450057), (40.70511107542903, -73.82118749676499), (40.78234691027565, -73.9530001797225)]
97.13952762828893 [(40.70527584950082, -73.82177596371034), (40.782372723441384, -73.95307971507921), (40.6913116497909, -73.96294241159595)]
97.13952140435865 [(40.69130227185092, -73.9629303516851), (40.70529522522324, -73.82173357388362), (40.78236432270675, -73.95308760705366)]
97.13952245247276 [(40.6913072927249, -73.96293291703192), (40.70529522522324, -73.82173357388362), (40.78236998867992, -73.95308295131824)]
97.13952140435865 [(40.69130227185092, -73.9629303516851), (40.78236432270675, -73.95308760705366), (40.70529522522324, -73.82173357388362)]
97.13952140435865 [(40.70529522522324, -73.82173357388362), (40.78236432270675, -73.95308760705366), (40.69130227185092, -73.9629303516851)]
97.13952762828893 [(40.6913116497909, -73.96294241159595), (40.70527584950082, -73.82177596371034), (40.782372723441384, -73.95307971507921)]
97.13952762828893 [(40.70527584950082, -73.82177596371034), (40.782372723441384, -73.95307971507921), (40.6913116497909, -73.96294241159595)]
97.13952140435865 [(40.70529522522324, -73.82173357388362), (40.69130227185092, -73.9629303516851), (40.78236432270675, -73.95308760705366)]
97.13952140435865 [(40.78236432270675, -73.95308760705366), (40.70529522522324, -73.82173357388362), (40.69130227185092, -73.9629303516851)]
97.13929600461765 [(40.70511107542903, -73.82118749676499), (40.69130512702004, -73.96289035450057), (40.78234691027565, -73.9530001797225)]
97.13952762828893 [(40.6913116497909, -73.96294241159595), (40.70527584950082, -73.82177596371034), (40.782372723441384, -73.95307971507921)]
97.13952140435865 [(40.69130227185092, -73.9629303516851), (40.78236432270675, -73.95308760705366), (40.70529522522324, -73.82173357388362)]
97.13952140435865 [(40.69130227185092, -73.9629303516851), (40.78236432270675, -73.95308760705366), (40.70529522522324, -73.82173357388362)]
97.13952140435865 [(40.70529522522324, -73.82173357388362), (40.78236432270675, -73.95308760705366), (40.69130227185092, -73.9629303516851)]
97.13952140435865 [(40.69130227185092, -73.9629303516851), (40.70529522522324, -73.82173357388362), (40.78236432270675, -73.95308760705366)]
97.13952140435865 [(40.78236432270675, -73.95308760705366), (40.70529522522324, -73.82173357388362), (40.69130227185092, -73.9629303516851)]
97.13952762828893 [(40.70527584950082, -73.82177596371034), (40.782372723441384, -73.95307971507921), (40.6913116497909, -73.96294241159595)]
97.13952245247276 [(40.78236998867992, -73.95308295131824), (40.70529522522324, -73.82173357388362), (40.6913072927249, -73.96293291703192)]
97.13952762828893 [(40.782372723441384, -73.95307971507921), (40.70527584950082, -73.82177596371034), (40.6913116497909, -73.96294241159595)]
97.13952140435865 [(40.69130227185092, -73.9629303516851), (40.70529522522324, -73.82173357388362), (40.78236432270675, -73.95308760705366)]
97.13952073102475 [(40.6913167255541, -73.96294547646993), (40.782380987339565, -73.95306100978785), (40.70521552985488, -73.82175650518607)]
97.13952140435865 [(40.70529522522324, -73.82173357388362), (40.69130227185092, -73.9629303516851), (40.78236432270675, -73.95308760705366)]
97.13952140435865 [(40.70529522522324, -73.82173357388362), (40.78236432270675, -73.95308760705366), (40.69130227185092, -73.9629303516851)]
97.13952245247276 [(40.70529522522324, -73.82173357388362), (40.78236998867992, -73.95308295131824), (40.6913072927249, -73.96293291703192)]
97.13952140435865 [(40.70529522522324, -73.82173357388362), (40.78236432270675, -73.95308760705366), (40.69130227185092, -73.9629303516851)]
97.13952140435865 [(40.78236432270675, -73.95308760705366), (40.70529522522324, -73.82173357388362), (40.69130227185092, -73.9629303516851)]
97.13952140435865 [(40.78236432270675, -73.95308760705366), (40.70529522522324, -73.82173357388362), (40.69130227185092, -73.9629303516851)]
97.13952245247276 [(40.70529522522324, -73.82173357388362), (40.78236998867992, -73.95308295131824), (40.6913072927249, -73.96293291703192)]
97.13952140435865 [(40.70529522522324, -73.82173357388362), (40.78236432270675, -73.95308760705366), (40.69130227185092, -73.9629303516851)]
97.13952140435865 [(40.70529522522324, -73.82173357388362), (40.78236432270675, -73.95308760705366), (40.69130227185092, -73.9629303516851)]
97.13953959846448 [(40.70514390153801, -73.82171619700797), (40.69133959832708, -73.9629595060424), (40.782406033300695, -73.95301906567494)]
97.13952140435865 [(40.70529522522324, -73.82173357388362), (40.78236432270675, -73.95308760705366), (40.69130227185092, -73.9629303516851)]
97.13952140435865 [(40.78236432270675, -73.95308760705366), (40.70529522522324, -73.82173357388362), (40.69130227185092, -73.9629303516851)]
97.13952140435865 [(40.70529522522324, -73.82173357388362), (40.69130227185092, -73.9629303516851), (40.78236432270675, -73.95308760705366)]
97.13929600461765 [(40.69130512702004, -73.96289035450057), (40.70511107542903, -73.82118749676499), (40.78234691027565, -73.9530001797225)]
97.13952073102475 [(40.6913167255541, -73.96294547646993), (40.782380987339565, -73.95306100978785), (40.70521552985488, -73.82175650518607)]
97.13952140435865 [(40.70529522522324, -73.82173357388362), (40.69130227185092, -73.9629303516851), (40.78236432270675, -73.95308760705366)]
97.13952762828893 [(40.6913116497909, -73.96294241159595), (40.782372723441384, -73.95307971507921), (40.70527584950082, -73.82177596371034)]
97.13952140435865 [(40.69130227185092, -73.9629303516851), (40.78236432270675, -73.95308760705366), (40.70529522522324, -73.82173357388362)]
97.13952762828893 [(40.70527584950082, -73.82177596371034), (40.782372723441384, -73.95307971507921), (40.6913116497909, -73.96294241159595)]
97.13929600461765 [(40.69130512702004, -73.96289035450057), (40.70511107542903, -73.82118749676499), (40.78234691027565, -73.9530001797225)]
97.13952140435865 [(40.69130227185092, -73.9629303516851), (40.70529522522324, -73.82173357388362), (40.78236432270675, -73.95308760705366)]
97.13952140435865 [(40.78236432270675, -73.95308760705366), (40.69130227185092, -73.9629303516851), (40.70529522522324, -73.82173357388362)]
97.13952140435865 [(40.70529522522324, -73.82173357388362), (40.69130227185092, -73.9629303516851), (40.78236432270675, -73.95308760705366)]
97.13952762828893 [(40.70527584950082, -73.82177596371034), (40.6913116497909, -73.96294241159595), (40.782372723441384, -73.95307971507921)]
97.13927824252906 [(40.70512428107681, -73.82097436841258), (40.69129201666093, -73.96286318160635), (40.78232776038118, -73.95299068187873)]
97.13952140435865 [(40.78236432270675, -73.95308760705366), (40.69130227185092, -73.9629303516851), (40.70529522522324, -73.82173357388362)]
97.13952140435865 [(40.78236432270675, -73.95308760705366), (40.69130227185092, -73.9629303516851), (40.70529522522324, -73.82173357388362)]
97.13953959846448 [(40.70514390153801, -73.82171619700797), (40.69133959832708, -73.9629595060424), (40.782406033300695, -73.95301906567494)]
97.13952140435865 [(40.69130227185092, -73.9629303516851), (40.78236432270675, -73.95308760705366), (40.70529522522324, -73.82173357388362)]
97.13952140435865 [(40.70529522522324, -73.82173357388362), (40.69130227185092, -73.9629303516851), (40.78236432270675, -73.95308760705366)]
97.13952762828893 [(40.782372723441384, -73.95307971507921), (40.70527584950082, -73.82177596371034), (40.6913116497909, -73.96294241159595)]
97.13952140435865 [(40.70529522522324, -73.82173357388362), (40.69130227185092, -73.9629303516851), (40.78236432270675, -73.95308760705366)]
97.13952245247276 [(40.6913072927249, -73.96293291703192), (40.70529522522324, -73.82173357388362), (40.78236998867992, -73.95308295131824)]
97.13952140435865 [(40.78236432270675, -73.95308760705366), (40.70529522522324, -73.82173357388362), (40.69130227185092, -73.9629303516851)]
97.13952140435865 [(40.78236432270675, -73.95308760705366), (40.70529522522324, -73.82173357388362), (40.69130227185092, -73.9629303516851)]
97.13952140435865 [(40.69130227185092, -73.9629303516851), (40.70529522522324, -73.82173357388362), (40.78236432270675, -73.95308760705366)]
97.13952140435865 [(40.70529522522324, -73.82173357388362), (40.78236432270675, -73.95308760705366), (40.69130227185092, -73.9629303516851)]
97.13952140435865 [(40.78236432270675, -73.95308760705366), (40.70529522522324, -73.82173357388362), (40.69130227185092, -73.9629303516851)]
97.13952140435865 [(40.69130227185092, -73.9629303516851), (40.78236432270675, -73.95308760705366), (40.70529522522324, -73.82173357388362)]
97.13952140435865 [(40.70529522522324, -73.82173357388362), (40.69130227185092, -73.9629303516851), (40.78236432270675, -73.95308760705366)]
97.13952140435865 [(40.78236432270675, -73.95308760705366), (40.70529522522324, -73.82173357388362), (40.69130227185092, -73.9629303516851)]
97.13952140435865 [(40.69130227185092, -73.9629303516851), (40.70529522522324, -73.82173357388362), (40.78236432270675, -73.95308760705366)]
97.13952140435865 [(40.69130227185092, -73.9629303516851), (40.78236432270675, -73.95308760705366), (40.70529522522324, -73.82173357388362)]
97.13952762828893 [(40.70527584950082, -73.82177596371034), (40.782372723441384, -73.95307971507921), (40.6913116497909, -73.96294241159595)]
97.13952140435865 [(40.70529522522324, -73.82173357388362), (40.78236432270675, -73.95308760705366), (40.69130227185092, -73.9629303516851)]
97.13952245247276 [(40.6913072927249, -73.96293291703192), (40.70529522522324, -73.82173357388362), (40.78236998867992, -73.95308295131824)]
97.13952140435865 [(40.78236432270675, -73.95308760705366), (40.70529522522324, -73.82173357388362), (40.69130227185092, -73.9629303516851)]
97.13952140435865 [(40.78236432270675, -73.95308760705366), (40.69130227185092, -73.9629303516851), (40.70529522522324, -73.82173357388362)]
97.13952245247276 [(40.70529522522324, -73.82173357388362), (40.78236998867992, -73.95308295131824), (40.6913072927249, -73.96293291703192)]
97.13952140435865 [(40.70529522522324, -73.82173357388362), (40.69130227185092, -73.9629303516851), (40.78236432270675, -73.95308760705366)]
97.13952140435865 [(40.69130227185092, -73.9629303516851), (40.78236432270675, -73.95308760705366), (40.70529522522324, -73.82173357388362)]
97.13929600461765 [(40.78234691027565, -73.9530001797225), (40.69130512702004, -73.96289035450057), (40.70511107542903, -73.82118749676499)]
97.13927216868964 [(40.70514844688563, -73.8210159343551), (40.69129201666093, -73.96286318160635), (40.78233294635675, -73.95299949810263)]
97.13952140435865 [(40.69130227185092, -73.9629303516851), (40.78236432270675, -73.95308760705366), (40.70529522522324, -73.82173357388362)]
97.13953959846447 [(40.782406033300695, -73.95301906567494), (40.69133959832708, -73.9629595060424), (40.70514390153801, -73.82171619700797)]
97.13952762828893 [(40.70527584950082, -73.82177596371034), (40.782372723441384, -73.95307971507921), (40.6913116497909, -73.96294241159595)]
97.13952140435865 [(40.78236432270675, -73.95308760705366), (40.70529522522324, -73.82173357388362), (40.69130227185092, -73.9629303516851)]
97.13952140435865 [(40.78236432270675, -73.95308760705366), (40.70529522522324, -73.82173357388362), (40.69130227185092, -73.9629303516851)]
97.13953959846447 [(40.782406033300695, -73.95301906567494), (40.69133959832708, -73.9629595060424), (40.70514390153801, -73.82171619700797)]
97.13952140435865 [(40.78236432270675, -73.95308760705366), (40.70529522522324, -73.82173357388362), (40.69130227185092, -73.9629303516851)]
97.13952762828893 [(40.70527584950082, -73.82177596371034), (40.782372723441384, -73.95307971507921), (40.6913116497909, -73.96294241159595)]
97.13952245247276 [(40.6913072927249, -73.96293291703192), (40.70529522522324, -73.82173357388362), (40.78236998867992, -73.95308295131824)]
97.13952073102475 [(40.782380987339565, -73.95306100978785), (40.6913167255541, -73.96294547646993), (40.70521552985488, -73.82175650518607)]
97.13952140435865 [(40.70529522522324, -73.82173357388362), (40.78236432270675, -73.95308760705366), (40.69130227185092, -73.9629303516851)]
97.13952140435865 [(40.69130227185092, -73.9629303516851), (40.78236432270675, -73.95308760705366), (40.70529522522324, -73.82173357388362)]
97.13952140435865 [(40.78236432270675, -73.95308760705366), (40.69130227185092, -73.9629303516851), (40.70529522522324, -73.82173357388362)]
97.13952140435865 [(40.78236432270675, -73.95308760705366), (40.70529522522324, -73.82173357388362), (40.69130227185092, -73.9629303516851)]
97.13952140435865 [(40.78236432270675, -73.95308760705366), (40.69130227185092, -73.9629303516851), (40.70529522522324, -73.82173357388362)]
97.13952140435865 [(40.69130227185092, -73.9629303516851), (40.78236432270675, -73.95308760705366), (40.70529522522324, -73.82173357388362)]
97.13952245247276 [(40.78236998867992, -73.95308295131824), (40.6913072927249, -73.96293291703192), (40.70529522522324, -73.82173357388362)]
97.13952140435865 [(40.70529522522324, -73.82173357388362), (40.69130227185092, -73.9629303516851), (40.78236432270675, -73.95308760705366)]
97.13952140435865 [(40.78236432270675, -73.95308760705366), (40.69130227185092, -73.9629303516851), (40.70529522522324, -73.82173357388362)]
97.13952140435865 [(40.70529522522324, -73.82173357388362), (40.69130227185092, -73.9629303516851), (40.78236432270675, -73.95308760705366)]
97.13952762828893 [(40.782372723441384, -73.95307971507921), (40.6913116497909, -73.96294241159595), (40.70527584950082, -73.82177596371034)]
97.13952140435865 [(40.78236432270675, -73.95308760705366), (40.70529522522324, -73.82173357388362), (40.69130227185092, -73.9629303516851)]
97.13952140435865 [(40.69130227185092, -73.9629303516851), (40.70529522522324, -73.82173357388362), (40.78236432270675, -73.95308760705366)]
97.13952140435865 [(40.70529522522324, -73.82173357388362), (40.69130227185092, -73.9629303516851), (40.78236432270675, -73.95308760705366)]
97.13952140435865 [(40.70529522522324, -73.82173357388362), (40.78236432270675, -73.95308760705366), (40.69130227185092, -73.9629303516851)]
97.13952245247276 [(40.78236998867992, -73.95308295131824), (40.6913072927249, -73.96293291703192), (40.70529522522324, -73.82173357388362)]
97.13952762828893 [(40.782372723441384, -73.95307971507921), (40.70527584950082, -73.82177596371034), (40.6913116497909, -73.96294241159595)]
97.13952762828893 [(40.782372723441384, -73.95307971507921), (40.6913116497909, -73.96294241159595), (40.70527584950082, -73.82177596371034)]
97.13952140435865 [(40.78236432270675, -73.95308760705366), (40.69130227185092, -73.9629303516851), (40.70529522522324, -73.82173357388362)]
97.13952140435865 [(40.69130227185092, -73.9629303516851), (40.78236432270675, -73.95308760705366), (40.70529522522324, -73.82173357388362)]
97.13952073102475 [(40.70521552985488, -73.82175650518607), (40.6913167255541, -73.96294547646993), (40.782380987339565, -73.95306100978785)]
97.13929600461765 [(40.69130512702004, -73.96289035450057), (40.78234691027565, -73.9530001797225), (40.70511107542903, -73.82118749676499)]
97.13952762828893 [(40.70527584950082, -73.82177596371034), (40.6913116497909, -73.96294241159595), (40.782372723441384, -73.95307971507921)]
97.13952245247276 [(40.78236998867992, -73.95308295131824), (40.6913072927249, -73.96293291703192), (40.70529522522324, -73.82173357388362)]
97.13952140435865 [(40.69130227185092, -73.9629303516851), (40.78236432270675, -73.95308760705366), (40.70529522522324, -73.82173357388362)]
97.13952140435865 [(40.70529522522324, -73.82173357388362), (40.78236432270675, -73.95308760705366), (40.69130227185092, -73.9629303516851)]
97.13952140435865 [(40.78236432270675, -73.95308760705366), (40.70529522522324, -73.82173357388362), (40.69130227185092, -73.9629303516851)]
97.13953959846448 [(40.70514390153801, -73.82171619700797), (40.69133959832708, -73.9629595060424), (40.782406033300695, -73.95301906567494)]
97.13952140435865 [(40.70529522522324, -73.82173357388362), (40.78236432270675, -73.95308760705366), (40.69130227185092, -73.9629303516851)]
97.13952140435865 [(40.70529522522324, -73.82173357388362), (40.78236432270675, -73.95308760705366), (40.69130227185092, -73.9629303516851)]
97.13952140435865 [(40.70529522522324, -73.82173357388362), (40.78236432270675, -73.95308760705366), (40.69130227185092, -73.9629303516851)]
97.13927824252906 [(40.70512428107681, -73.82097436841258), (40.69129201666093, -73.96286318160635), (40.78232776038118, -73.95299068187873)]
97.13952140435865 [(40.78236432270675, -73.95308760705366), (40.69130227185092, -73.9629303516851), (40.70529522522324, -73.82173357388362)]
97.13952140435865 [(40.78236432270675, -73.95308760705366), (40.69130227185092, -73.9629303516851), (40.70529522522324, -73.82173357388362)]
97.13952140435865 [(40.78236432270675, -73.95308760705366), (40.69130227185092, -73.9629303516851), (40.70529522522324, -73.82173357388362)]
97.13929600461765 [(40.70511107542903, -73.82118749676499), (40.78234691027565, -73.9530001797225), (40.69130512702004, -73.96289035450057)]
97.13952140435865 [(40.70529522522324, -73.82173357388362), (40.78236432270675, -73.95308760705366), (40.69130227185092, -73.9629303516851)]
97.13952140435865 [(40.69130227185092, -73.9629303516851), (40.70529522522324, -73.82173357388362), (40.78236432270675, -73.95308760705366)]
97.13952140435865 [(40.69130227185092, -73.9629303516851), (40.78236432270675, -73.95308760705366), (40.70529522522324, -73.82173357388362)]
97.13952140435865 [(40.78236432270675, -73.95308760705366), (40.69130227185092, -73.9629303516851), (40.70529522522324, -73.82173357388362)]
97.13952140435865 [(40.78236432270675, -73.95308760705366), (40.70529522522324, -73.82173357388362), (40.69130227185092, -73.9629303516851)]
97.13952245247276 [(40.70529522522324, -73.82173357388362), (40.6913072927249, -73.96293291703192), (40.78236998867992, -73.95308295131824)]
97.13952140435865 [(40.78236432270675, -73.95308760705366), (40.69130227185092, -73.9629303516851), (40.70529522522324, -73.82173357388362)]
97.13952762828893 [(40.70527584950082, -73.82177596371034), (40.782372723441384, -73.95307971507921), (40.6913116497909, -73.96294241159595)]
97.13952140435865 [(40.70529522522324, -73.82173357388362), (40.69130227185092, -73.9629303516851), (40.78236432270675, -73.95308760705366)]
97.13952140435865 [(40.78236432270675, -73.95308760705366), (40.70529522522324, -73.82173357388362), (40.69130227185092, -73.9629303516851)]
97.13952762828893 [(40.782372723441384, -73.95307971507921), (40.70527584950082, -73.82177596371034), (40.6913116497909, -73.96294241159595)]
97.13952140435865 [(40.69130227185092, -73.9629303516851), (40.70529522522324, -73.82173357388362), (40.78236432270675, -73.95308760705366)]
97.13952762828893 [(40.70527584950082, -73.82177596371034), (40.6913116497909, -73.96294241159595), (40.782372723441384, -73.95307971507921)]
97.13952762828893 [(40.70527584950082, -73.82177596371034), (40.782372723441384, -73.95307971507921), (40.6913116497909, -73.96294241159595)]
97.13952762828893 [(40.6913116497909, -73.96294241159595), (40.70527584950082, -73.82177596371034), (40.782372723441384, -73.95307971507921)]
97.13952245247276 [(40.70529522522324, -73.82173357388362), (40.78236998867992, -73.95308295131824), (40.6913072927249, -73.96293291703192)]
97.13952762828893 [(40.6913116497909, -73.96294241159595), (40.782372723441384, -73.95307971507921), (40.70527584950082, -73.82177596371034)]
97.13952140435865 [(40.78236432270675, -73.95308760705366), (40.69130227185092, -73.9629303516851), (40.70529522522324, -73.82173357388362)]
97.13951369968031 [(40.78237672789845, -73.95305168002494), (40.705206654075056, -73.82167567606088), (40.691314954130256, -73.96293796265138)]
97.13952325892924 [(40.78235612687332, -73.95309739998208), (40.70529522522324, -73.82173357388362), (40.691294507641416, -73.96292434010134)]
97.13952762828893 [(40.6913116497909, -73.96294241159595), (40.70527584950082, -73.82177596371034), (40.782372723441384, -73.95307971507921)]
97.13952140435865 [(40.70529522522324, -73.82173357388362), (40.69130227185092, -73.9629303516851), (40.78236432270675, -73.95308760705366)]
97.13952140435865 [(40.69130227185092, -73.9629303516851), (40.70529522522324, -73.82173357388362), (40.78236432270675, -73.95308760705366)]
97.13952140435865 [(40.78236432270675, -73.95308760705366), (40.69130227185092, -73.9629303516851), (40.70529522522324, -73.82173357388362)]
97.13952140435865 [(40.78236432270675, -73.95308760705366), (40.69130227185092, -73.9629303516851), (40.70529522522324, -73.82173357388362)]
97.13952140435865 [(40.70529522522324, -73.82173357388362), (40.78236432270675, -73.95308760705366), (40.69130227185092, -73.9629303516851)]
97.13952140435865 [(40.69130227185092, -73.9629303516851), (40.78236432270675, -73.95308760705366), (40.70529522522324, -73.82173357388362)]
97.13952140435865 [(40.78236432270675, -73.95308760705366), (40.69130227185092, -73.9629303516851), (40.70529522522324, -73.82173357388362)]
97.13953959846448 [(40.782406033300695, -73.95301906567494), (40.70514390153801, -73.82171619700797), (40.69133959832708, -73.9629595060424)]
97.13952140435865 [(40.70529522522324, -73.82173357388362), (40.69130227185092, -73.9629303516851), (40.78236432270675, -73.95308760705366)]
97.13952140435865 [(40.78236432270675, -73.95308760705366), (40.69130227185092, -73.9629303516851), (40.70529522522324, -73.82173357388362)]
97.13952140435865 [(40.78236432270675, -73.95308760705366), (40.70529522522324, -73.82173357388362), (40.69130227185092, -73.9629303516851)]
97.13952140435865 [(40.78236432270675, -73.95308760705366), (40.69130227185092, -73.9629303516851), (40.70529522522324, -73.82173357388362)]
97.13952245247276 [(40.6913072927249, -73.96293291703192), (40.78236998867992, -73.95308295131824), (40.70529522522324, -73.82173357388362)]
97.13952140435865 [(40.78236432270675, -73.95308760705366), (40.70529522522324, -73.82173357388362), (40.69130227185092, -73.9629303516851)]
97.13952762828893 [(40.782372723441384, -73.95307971507921), (40.6913116497909, -73.96294241159595), (40.70527584950082, -73.82177596371034)]
97.13952762828893 [(40.70527584950082, -73.82177596371034), (40.782372723441384, -73.95307971507921), (40.6913116497909, -73.96294241159595)]
97.13952140435865 [(40.70529522522324, -73.82173357388362), (40.69130227185092, -73.9629303516851), (40.78236432270675, -73.95308760705366)]
97.13952140435865 [(40.70529522522324, -73.82173357388362), (40.69130227185092, -73.9629303516851), (40.78236432270675, -73.95308760705366)]
97.13929600461765 [(40.69130512702004, -73.96289035450057), (40.70511107542903, -73.82118749676499), (40.78234691027565, -73.9530001797225)]
97.13952245247276 [(40.70529522522324, -73.82173357388362), (40.6913072927249, -73.96293291703192), (40.78236998867992, -73.95308295131824)]
97.13952140435865 [(40.69130227185092, -73.9629303516851), (40.70529522522324, -73.82173357388362), (40.78236432270675, -73.95308760705366)]
97.13952140435865 [(40.70529522522324, -73.82173357388362), (40.69130227185092, -73.9629303516851), (40.78236432270675, -73.95308760705366)]
97.13953959846448 [(40.782406033300695, -73.95301906567494), (40.70514390153801, -73.82171619700797), (40.69133959832708, -73.9629595060424)]
97.13952140435865 [(40.78236432270675, -73.95308760705366), (40.70529522522324, -73.82173357388362), (40.69130227185092, -73.9629303516851)]
97.13952140435865 [(40.78236432270675, -73.95308760705366), (40.69130227185092, -73.9629303516851), (40.70529522522324, -73.82173357388362)]
97.13952140435865 [(40.69130227185092, -73.9629303516851), (40.78236432270675, -73.95308760705366), (40.70529522522324, -73.82173357388362)]
97.13952140435865 [(40.78236432270675, -73.95308760705366), (40.69130227185092, -73.9629303516851), (40.70529522522324, -73.82173357388362)]
97.13952140435865 [(40.78236432270675, -73.95308760705366), (40.69130227185092, -73.9629303516851), (40.70529522522324, -73.82173357388362)]
97.13952325892924 [(40.691294507641416, -73.96292434010134), (40.70529522522324, -73.82173357388362), (40.78235612687332, -73.95309739998208)]
97.13952140435865 [(40.70529522522324, -73.82173357388362), (40.69130227185092, -73.9629303516851), (40.78236432270675, -73.95308760705366)]
97.13927824252907 [(40.69129201666093, -73.96286318160635), (40.78232776038118, -73.95299068187873), (40.70512428107681, -73.82097436841258)]
97.13952245247276 [(40.70529522522324, -73.82173357388362), (40.6913072927249, -73.96293291703192), (40.78236998867992, -73.95308295131824)]
97.13952140435865 [(40.78236432270675, -73.95308760705366), (40.70529522522324, -73.82173357388362), (40.69130227185092, -73.9629303516851)]
97.13952762828893 [(40.70527584950082, -73.82177596371034), (40.782372723441384, -73.95307971507921), (40.6913116497909, -73.96294241159595)]
97.13952140435865 [(40.69130227185092, -73.9629303516851), (40.78236432270675, -73.95308760705366), (40.70529522522324, -73.82173357388362)]
97.13952140435865 [(40.70529522522324, -73.82173357388362), (40.69130227185092, -73.9629303516851), (40.78236432270675, -73.95308760705366)]
97.13952140435865 [(40.69130227185092, -73.9629303516851), (40.78236432270675, -73.95308760705366), (40.70529522522324, -73.82173357388362)]
97.13953959846447 [(40.782406033300695, -73.95301906567494), (40.69133959832708, -73.9629595060424), (40.70514390153801, -73.82171619700797)]
97.13952140435865 [(40.69130227185092, -73.9629303516851), (40.78236432270675, -73.95308760705366), (40.70529522522324, -73.82173357388362)]
97.13952245247276 [(40.78236998867992, -73.95308295131824), (40.6913072927249, -73.96293291703192), (40.70529522522324, -73.82173357388362)]
97.13952140435865 [(40.70529522522324, -73.82173357388362), (40.69130227185092, -73.9629303516851), (40.78236432270675, -73.95308760705366)]
97.13953959846448 [(40.70514390153801, -73.82171619700797), (40.782406033300695, -73.95301906567494), (40.69133959832708, -73.9629595060424)]
97.13952245247276 [(40.78236998867992, -73.95308295131824), (40.70529522522324, -73.82173357388362), (40.6913072927249, -73.96293291703192)]
97.13952140435865 [(40.69130227185092, -73.9629303516851), (40.70529522522324, -73.82173357388362), (40.78236432270675, -73.95308760705366)]
97.13952762828893 [(40.70527584950082, -73.82177596371034), (40.6913116497909, -73.96294241159595), (40.782372723441384, -73.95307971507921)]
97.13952762828893 [(40.6913116497909, -73.96294241159595), (40.70527584950082, -73.82177596371034), (40.782372723441384, -73.95307971507921)]
97.13952073102475 [(40.70521552985488, -73.82175650518607), (40.6913167255541, -73.96294547646993), (40.782380987339565, -73.95306100978785)]
97.13952762828893 [(40.782372723441384, -73.95307971507921), (40.6913116497909, -73.96294241159595), (40.70527584950082, -73.82177596371034)]
97.13952762828893 [(40.782372723441384, -73.95307971507921), (40.70527584950082, -73.82177596371034), (40.6913116497909, -73.96294241159595)]
97.13953959846448 [(40.782406033300695, -73.95301906567494), (40.70514390153801, -73.82171619700797), (40.69133959832708, -73.9629595060424)]
97.13952140435865 [(40.69130227185092, -73.9629303516851), (40.78236432270675, -73.95308760705366), (40.70529522522324, -73.82173357388362)]
97.13952762828893 [(40.6913116497909, -73.96294241159595), (40.70527584950082, -73.82177596371034), (40.782372723441384, -73.95307971507921)]
97.13929600461765 [(40.70511107542903, -73.82118749676499), (40.78234691027565, -73.9530001797225), (40.69130512702004, -73.96289035450057)]
97.13952140435865 [(40.70529522522324, -73.82173357388362), (40.78236432270675, -73.95308760705366), (40.69130227185092, -73.9629303516851)]
97.13952140435865 [(40.69130227185092, -73.9629303516851), (40.70529522522324, -73.82173357388362), (40.78236432270675, -73.95308760705366)]
97.13952140435865 [(40.78236432270675, -73.95308760705366), (40.69130227185092, -73.9629303516851), (40.70529522522324, -73.82173357388362)]
97.13952140435865 [(40.69130227185092, -73.9629303516851), (40.70529522522324, -73.82173357388362), (40.78236432270675, -73.95308760705366)]
97.13952245247276 [(40.6913072927249, -73.96293291703192), (40.78236998867992, -73.95308295131824), (40.70529522522324, -73.82173357388362)]
97.13952762828893 [(40.782372723441384, -73.95307971507921), (40.6913116497909, -73.96294241159595), (40.70527584950082, -73.82177596371034)]
97.13952762828893 [(40.782372723441384, -73.95307971507921), (40.6913116497909, -73.96294241159595), (40.70527584950082, -73.82177596371034)]
97.13952140435865 [(40.78236432270675, -73.95308760705366), (40.70529522522324, -73.82173357388362), (40.69130227185092, -73.9629303516851)]
97.13952140435865 [(40.69130227185092, -73.9629303516851), (40.78236432270675, -73.95308760705366), (40.70529522522324, -73.82173357388362)]
97.13952140435865 [(40.69130227185092, -73.9629303516851), (40.78236432270675, -73.95308760705366), (40.70529522522324, -73.82173357388362)]
