97.13927216868873 [(40.69129201565692, -73.96286318055155), (40.70514844565075, -73.82101593545637), (40.78233294740687, -73.95299949673529)]
97.13927397001412 [(40.70519230340695, -73.82101813431086), (40.78232059171177, -73.95301765674336), (40.69128425848595, -73.9628571615129)]
97.13927216868899 [(40.70514844891665, -73.82101593245795), (40.69129201822341, -73.9628631818499), (40.78233294824919, -73.95299949704881)]
97.13927216868939 [(40.70514844520101, -73.82101593410347), (40.69129201437151, -73.96286318066487), (40.78233294565889, -73.95299949708853)]
97.13927213140437 [(40.70514844620385, -73.82101593403108), (40.691289437320215, -73.96286124792677), (40.78233021039369, -73.9530026721694)]
97.13927213140428 [(40.705148444107024, -73.82101593236837), (40.69128943681221, -73.96286124741165), (40.78233020890503, -73.95300267401453)]
97.13927213140411 [(40.70514844772906, -73.82101593429381), (40.69128943961798, -73.96286124747932), (40.78233020882032, -73.95300267414076)]
97.13927213140454 [(40.691289436722066, -73.96286124485994), (40.705148447410004, -73.82101593504507), (40.78233021070016, -73.95300267247333)]
97.1392721314044 [(40.705148446484166, -73.82101593111351), (40.782330209285774, -73.95300267514725), (40.69128943810107, -73.96286124726414)]
97.13927213140454 [(40.78233020978512, -73.95300267637923), (40.70514844539667, -73.82101593815793), (40.69128943795839, -73.96286124432537)]
97.13927397001385 [(40.78232059379033, -73.9530176575886), (40.70519230616236, -73.821018133441), (40.69128425714515, -73.96285716305354)]
97.13927213140443 [(40.78233020996555, -73.95300267577174), (40.70514844580217, -73.82101593077057), (40.691289437222316, -73.96286124817935)]
97.13927216868905 [(40.691292015365526, -73.96286318189603), (40.70514844956687, -73.82101593446737), (40.78233294627967, -73.95299949534285)]
97.13927397001385 [(40.78232059333147, -73.95301765458456), (40.705192303334044, -73.82101813347258), (40.691284260129294, -73.96285716479012)]
